%YAML:1.0
---
cameraMatrix: !!opencv-matrix
   rows: 3
   cols: 3
   dt: d
   data: [ 9.5497367321189813e+02, 0., 6.3067491618786846e+02, 0.,
       9.5673809826495324e+02, 3.4886441963499493e+02, 0., 0., 1. ]
distCoeffs: !!opencv-matrix
   rows: 1
   cols: 5
   dt: d
   data: [ 9.9956650276879999e-02, -5.2940536055099408e-01,
       -1.0705035514768856e-03, 1.7376224687650360e-03,
       6.6542042581845839e-01 ]
rvec_0: !!opencv-matrix
   rows: 3
   cols: 1
   dt: d
   data: [ 2.0179317622395943e-01, 2.5272521697525502e-02,
       1.2839761492541322e+00 ]
tvec_0: !!opencv-matrix
   rows: 3
   cols: 1
   dt: d
   data: [ 5.9370225467377957e-01, -1.9271769753019972e+00,
       1.6539846468779892e+01 ]
rvec_1: !!opencv-matrix
   rows: 3
   cols: 1
   dt: d
   data: [ 2.9843023619520104e-01, 1.3466906748902071e-02,
       1.3837727557315032e+00 ]
tvec_1: !!opencv-matrix
   rows: 3
   cols: 1
   dt: d
   data: [ 2.1984677211892509e+00, -1.8865581650749796e+00,
       1.5328400087702578e+01 ]
rvec_2: !!opencv-matrix
   rows: 3
   cols: 1
   dt: d
   data: [ -1.4195852505234641e-01, 9.4600141896160006e-02,
       1.5380986896118534e+00 ]
tvec_2: !!opencv-matrix
   rows: 3
   cols: 1
   dt: d
   data: [ 5.2607483628884277e-01, -1.1659121861802628e+00,
       1.6480214768399190e+01 ]
rvec_3: !!opencv-matrix
   rows: 3
   cols: 1
   dt: d
   data: [ -2.3425558893025619e-01, 1.9376346417184764e-01,
       -1.6623842689119936e+00 ]
tvec_3: !!opencv-matrix
   rows: 3
   cols: 1
   dt: d
   data: [ -3.2313906785461275e+00, 5.1966106310880402e+00,
       1.9691835364094111e+01 ]
rvec_4: !!opencv-matrix
   rows: 3
   cols: 1
   dt: d
   data: [ -2.6206151831207097e-01, 1.7496334309744038e-01,
       -1.5591710250068371e+00 ]
tvec_4: !!opencv-matrix
   rows: 3
   cols: 1
   dt: d
   data: [ -1.5375194225696329e-01, 4.6063841767902423e+00,
       1.7543306577428741e+01 ]
rvec_5: !!opencv-matrix
   rows: 3
   cols: 1
   dt: d
   data: [ -9.5536568435311053e-02, 1.1207224940754772e-01,
       1.5614617876510501e+00 ]
tvec_5: !!opencv-matrix
   rows: 3
   cols: 1
   dt: d
   data: [ 5.9973002567915783e+00, -1.7863138707249318e+00,
       1.6961771199753912e+01 ]
rvec_6: !!opencv-matrix
   rows: 3
   cols: 1
   dt: d
   data: [ -2.4425476097223195e-01, 1.2357311205339098e-01,
       -1.5930224020203283e+00 ]
tvec_6: !!opencv-matrix
   rows: 3
   cols: 1
   dt: d
   data: [ -4.3455607130983043e-01, 3.8321151339041473e+00,
       1.2813991242095005e+01 ]
rvec_7: !!opencv-matrix
   rows: 3
   cols: 1
   dt: d
   data: [ -2.9172141493168902e-01, 5.9478446945892560e-01,
       1.5352032699381561e+00 ]
tvec_7: !!opencv-matrix
   rows: 3
   cols: 1
   dt: d
   data: [ 5.5746632459652696e+00, -6.5989977937780764e-01,
       2.2390841484625831e+01 ]
rvec_8: !!opencv-matrix
   rows: 3
   cols: 1
   dt: d
   data: [ -1.5791315661647520e-01, 2.0795066086129096e-01,
       -2.7077268157554524e-01 ]
tvec_8: !!opencv-matrix
   rows: 3
   cols: 1
   dt: d
   data: [ -4.9592649002070854e-01, -1.3986102299865002e+00,
       1.3120330105642330e+01 ]
rvec_9: !!opencv-matrix
   rows: 3
   cols: 1
   dt: d
   data: [ -3.5870916274626607e-01, 2.2893254560249685e-01,
       -1.5577809013263335e+00 ]
tvec_9: !!opencv-matrix
   rows: 3
   cols: 1
   dt: d
   data: [ -3.2343366792538006e+00, 4.6496815529912441e+00,
       1.7380275123546820e+01 ]
rvec_10: !!opencv-matrix
   rows: 3
   cols: 1
   dt: d
   data: [ -2.9937169283291459e-01, 6.6754737330495340e-01,
       -1.6572909927815527e+00 ]
tvec_10: !!opencv-matrix
   rows: 3
   cols: 1
   dt: d
   data: [ -1.9046946367020092e+00, 4.3578862072788738e+00,
       1.9235879883578562e+01 ]
rvec_11: !!opencv-matrix
   rows: 3
   cols: 1
   dt: d
   data: [ -1.8517804158839615e-01, 6.6199529197687706e-02,
       -1.5550154504789184e+00 ]
tvec_11: !!opencv-matrix
   rows: 3
   cols: 1
   dt: d
   data: [ 1.1324178972848500e+00, 4.2658120177613332e+00,
       1.7296082217767264e+01 ]
